392671043
392671042
392671040
392671041
392671044
392681040
392681041
392681042
392681043
392681044
392691040
392691041
392691042
392691043
392691044
392701040
392701041
392701042
392701043
392701044
392711040
392711041
392711042
392711043
392711044
392721040
392721041
392721042
392721043
392721044
392731040
392731041
392731042
392731043
392731044
1312963816
1312963817
1312963818
1312963819
1312963820
1312973816
1312973817
1312973818
1312973819
1312973820
1312983816
1312983817
1312983818
1312983819
1312983820
